1,4,7,1.09246,1.08967,1.0917,1.09072,27.9000000000007
1,4,8,1.09051,1.08458,1.09001,1.08549,59.2999999999999
1,4,9,1.08631,1.0833,1.08545,1.08343,30.1000000000018
1,4,10,1.08477,1.08011,1.0838,1.08015,46.6000000000011
1,5,7,1.07648,1.07501,1.07558,1.07515,14.7000000000008
1,5,8,1.07567,1.0739,1.07514,1.07422,17.6999999999983
1,5,9,1.07572,1.07383,1.0742,1.0739,18.8999999999995
1,5,10,1.07427,1.07106,1.07388,1.07217,32.1000000000016
1,6,7,1.07597,1.07401,1.07488,1.07432,19.6000000000018
1,6,8,1.07558,1.07185,1.07431,1.07392,37.3000000000001
1,6,9,1.07586,1.07327,1.07393,1.07567,-25.9000000000009
1,6,10,1.0767,1.07403,1.07563,1.07452,26.6999999999995
1,7,7,1.08696,1.08444,1.08661,1.08585,25.1999999999986
1,7,8,1.08725,1.0856,1.08585,1.08586,-16.5000000000015
1,7,9,1.08644,1.08365,1.08584,1.08442,27.9000000000007
1,7,10,1.08748,1.0828,1.08439,1.0828,46.8000000000002
1,8,7,1.08772,1.0859,1.08723,1.08661,18.1999999999993
1,8,8,1.08707,1.0803,1.08659,1.08421,67.6999999999994
1,8,9,1.08901,1.08337,1.08409,1.08639,-56.4000000000009
1,8,10,1.09084,1.08638,1.08638,1.09082,-44.6000000000013
1,11,7,1.091,1.08916,1.08985,1.0899,-18.4000000000006
1,11,8,1.09028,1.08797,1.08992,1.08812,23.0999999999981
1,11,9,1.08992,1.08598,1.08813,1.08982,-39.4000000000005
1,11,10,1.09,1.08505,1.0897,1.08511,49.5000000000001
1,12,7,1.08605,1.08359,1.08548,1.08429,24.5999999999991
1,12,8,1.08557,1.0833,1.08429,1.08516,-22.6999999999999
1,12,9,1.08608,1.08423,1.08515,1.08483,18.4999999999991
1,12,10,1.08579,1.08208,1.08481,1.08246,37.100000000001
1,13,7,1.0824,1.08048,1.0823,1.08143,19.1999999999992
1,13,8,1.08314,1.08142,1.08144,1.08306,-17.1999999999994
1,13,9,1.08558,1.0824,1.08307,1.08475,-31.7999999999996
1,13,10,1.0882,1.08432,1.08476,1.0846,38.8000000000011
1,14,7,1.09355,1.08826,1.09325,1.0886,52.9000000000002
1,14,8,1.09016,1.08822,1.0886,1.08949,-19.4000000000005
1,14,9,1.09177,1.08797,1.08951,1.09122,-37.999999999998
1,14,10,1.09162,1.08363,1.09122,1.084,79.8999999999994
1,15,7,1.09186,1.08998,1.09014,1.09082,-18.800000000001
1,15,8,1.09845,1.09082,1.09083,1.09569,-76.3000000000003
1,15,9,1.09697,1.093,1.09568,1.09601,-39.7000000000003
1,15,10,1.09651,1.09361,1.09594,1.09506,29.0000000000012
1,18,7,1.08963,1.08855,1.08932,1.08958,-10.8000000000019
1,18,8,1.08986,1.08903,1.08958,1.08936,8.30000000000108
1,18,9,1.09007,1.08914,1.08935,1.08977,-9.30000000000097
1,18,10,1.08994,1.08704,1.08979,1.08729,28.999999999999
1,19,7,1.08805,1.08614,1.0863,1.08745,-19.0999999999986
1,19,8,1.08747,1.08604,1.08745,1.08662,14.3000000000004
1,19,9,1.09096,1.0864,1.08662,1.08908,-45.599999999999
1,19,10,1.09075,1.08906,1.08907,1.08978,-16.9000000000019
1,20,7,1.0918,1.08976,1.09088,1.09138,-20.4000000000004
1,20,8,1.09196,1.08916,1.09138,1.09177,-28.0000000000014
1,20,9,1.09332,1.08994,1.09172,1.09076,33.8000000000016
1,20,10,1.09221,1.08901,1.091,1.08982,31.9999999999987
1,21,7,1.09155,1.08919,1.0905,1.09005,23.5999999999992
1,21,8,1.09208,1.07777,1.09006,1.0791,143.1
1,21,9,1.08458,1.07797,1.07908,1.08359,-66.1000000000001
1,21,10,1.0837,1.08059,1.08359,1.08249,31.1000000000017
1,22,7,1.08341,1.08143,1.0831,1.08182,19.8000000000009
1,22,8,1.08205,1.07942,1.08182,1.08143,26.2999999999991
1,22,9,1.08248,1.08034,1.08145,1.08173,-21.4000000000003
1,22,10,1.08376,1.08041,1.08175,1.08237,-33.4999999999996
1,25,7,1.08193,1.08087,1.08181,1.08178,10.6000000000006
1,25,8,1.08375,1.08144,1.08178,1.08333,-23.1000000000003
1,25,9,1.08454,1.08289,1.08332,1.08388,-16.5000000000015
1,25,10,1.08428,1.0828,1.08386,1.08339,14.7999999999993
1,26,7,1.08341,1.08221,1.08241,1.08252,-12.0000000000009
1,26,8,1.08422,1.08249,1.08253,1.08259,-17.3000000000001
1,26,9,1.084,1.08228,1.08259,1.0836,-17.2000000000017
1,26,10,1.08498,1.08301,1.0836,1.08489,-19.7000000000003
1,27,7,1.0893,1.08669,1.08749,1.08883,-26.1
1,27,8,1.09119,1.08853,1.0889,1.08953,-26.6000000000011
1,27,9,1.08995,1.08773,1.08955,1.08877,22.1999999999989
1,27,10,1.08876,1.08639,1.08876,1.08694,23.6999999999998
1,28,7,1.09202,1.09016,1.09157,1.09038,18.5999999999997
1,28,8,1.09335,1.0892,1.09048,1.09186,-41.500000000001
1,28,9,1.09272,1.09044,1.09185,1.09223,-22.7999999999984
1,28,10,1.09441,1.09172,1.09221,1.09396,-26.9000000000008
1,29,7,1.0926,1.09018,1.09142,1.09182,-24.2000000000009
1,29,8,1.09218,1.08619,1.09184,1.08635,59.8999999999994
1,29,9,1.08701,1.08331,1.08635,1.08397,37.0000000000004
1,29,10,1.08403,1.08176,1.08397,1.08184,22.6999999999999
2,1,7,1.08795,1.08642,1.08676,1.08789,-15.3000000000003
2,1,8,1.08867,1.08732,1.0879,1.08812,-13.4999999999996
2,1,9,1.09038,1.08767,1.08812,1.08977,-27.0999999999999
2,1,10,1.09127,1.08869,1.08983,1.08914,25.8000000000003
2,2,7,1.09231,1.09121,1.09213,1.09121,10.9999999999988
2,2,8,1.09371,1.09091,1.0912,1.09368,-27.9999999999991
2,2,9,1.09398,1.09204,1.09368,1.09303,19.4000000000005
2,2,10,1.09318,1.08923,1.09302,1.09032,39.5000000000012
2,3,7,1.09353,1.09108,1.09227,1.09346,-24.4999999999984
2,3,8,1.09759,1.09271,1.09347,1.09556,-48.8
2,3,9,1.10156,1.09535,1.09554,1.10036,-62.1000000000005
2,3,10,1.108,1.10131,1.10138,1.1047,-66.9000000000009
2,4,7,1.1202,1.11705,1.11712,1.11941,-31.4999999999999
2,4,8,1.12392,1.11893,1.11943,1.12022,-49.9000000000005
2,4,9,1.12103,1.11796,1.12023,1.12099,-30.6999999999991
2,4,10,1.12211,1.11575,1.12107,1.11678,63.5999999999992
2,5,7,1.11999,1.11883,1.11949,1.1196,-11.6000000000005
2,5,8,1.12449,1.11412,1.11961,1.11592,103.7
2,5,9,1.11652,1.11133,1.11596,1.11373,51.9000000000003
2,5,10,1.11451,1.11088,1.11373,1.11431,-36.299999999998
2,8,7,1.11295,1.1112,1.11209,1.11164,17.5000000000014
2,8,8,1.11195,1.10864,1.11165,1.11042,33.0999999999992
2,8,9,1.11366,1.11041,1.11044,1.11312,-32.500000000002
2,8,10,1.11463,1.11233,1.11317,1.11452,-22.9999999999997
2,9,7,1.12361,1.12095,1.12131,1.12286,-26.6000000000011
2,9,8,1.13004,1.12252,1.12288,1.12892,-75.1999999999997
2,9,9,1.12966,1.12605,1.12888,1.12743,36.1000000000011
2,9,10,1.13139,1.1257,1.12744,1.13094,-56.8999999999997
2,10,7,1.12727,1.12484,1.1259,1.12696,-24.2999999999993
2,10,8,1.12729,1.12221,1.12696,1.12333,50.7999999999997
2,10,9,1.1253,1.12235,1.12333,1.12284,29.5000000000001
2,10,10,1.12332,1.11602,1.12282,1.11976,73.0000000000008
2,11,7,1.13466,1.13058,1.13379,1.13431,-40.8000000000008
2,11,8,1.1368,1.13124,1.1343,1.13309,55.6000000000001
2,11,9,1.13628,1.13117,1.13299,1.13176,51.0999999999995
2,11,10,1.13491,1.13128,1.1318,1.13423,-36.3000000000002
2,12,7,1.12811,1.1262,1.12768,1.12678,19.0999999999986
2,12,8,1.12769,1.12281,1.12677,1.12459,48.8
2,12,9,1.12705,1.12243,1.12455,1.12587,-46.2000000000007
2,12,10,1.12776,1.1231,1.12588,1.12449,46.6000000000011
2,15,7,1.11948,1.11785,1.11914,1.11803,16.3000000000002
2,15,8,1.11833,1.11765,1.11803,1.11785,6.80000000000014
2,15,9,1.11951,1.11471,1.11784,1.11471,47.9999999999992
2,15,10,1.1147,1.11278,1.1147,1.11436,19.1999999999992
2,16,7,1.11694,1.11562,1.11572,1.11655,-13.1999999999999
2,16,8,1.11765,1.11592,1.11659,1.11732,-17.3000000000001
2,16,9,1.11836,1.11418,1.11733,1.11456,41.8000000000007
2,16,10,1.11479,1.11242,1.11452,1.11428,23.6999999999998
2,17,7,1.11499,1.11379,1.11454,1.11461,-11.9999999999987
2,17,8,1.11499,1.11145,1.1146,1.11296,35.3999999999988
2,17,9,1.11359,1.11058,1.11295,1.11218,30.1000000000018
2,17,10,1.11339,1.11154,1.11216,1.11309,-18.5000000000013
2,18,7,1.11096,1.1083,1.10974,1.10853,26.5999999999988
2,18,8,1.10949,1.10777,1.10854,1.10826,17.2000000000017
2,18,9,1.11047,1.10717,1.10832,1.10962,-33.0000000000008
2,18,10,1.11009,1.10709,1.10962,1.10996,-30.0000000000011
2,19,7,1.11178,1.11005,1.11032,1.11016,17.3000000000001
2,19,8,1.11058,1.10667,1.11016,1.11023,-39.0999999999986
2,19,9,1.1113,1.10791,1.11024,1.11017,33.9
2,19,10,1.11161,1.10997,1.11016,1.11056,-16.4000000000009
2,22,7,1.10408,1.10152,1.10344,1.10274,25.599999999999
2,22,8,1.10367,1.10056,1.10275,1.10059,31.0999999999995
2,22,9,1.10242,1.1003,1.10063,1.10136,-21.199999999999
2,22,10,1.10347,1.10072,1.1014,1.10267,-27.5000000000003
2,23,7,1.10128,1.099,1.09914,1.10106,-22.8000000000006
2,23,8,1.10194,1.09942,1.10107,1.10109,-25.1999999999986
2,23,9,1.10136,1.09949,1.10108,1.10017,18.6999999999982
2,23,10,1.10377,1.1001,1.10015,1.10238,-36.6999999999984
2,24,7,1.09778,1.09593,1.09593,1.0977,-18.4999999999991
2,24,8,1.10067,1.09765,1.09771,1.09982,-30.2000000000002
2,24,9,1.10173,1.09741,1.09983,1.10093,-43.200000000001
2,24,10,1.10405,1.10079,1.10092,1.10265,-32.6000000000004
2,25,7,1.1045,1.10241,1.10315,1.10355,-20.9000000000015
2,25,8,1.10372,1.10049,1.10355,1.10105,32.3000000000007
2,25,9,1.10133,1.09866,1.10104,1.10094,26.6999999999995
2,25,10,1.10397,1.10093,1.10093,1.10349,-30.3999999999993
2,26,7,1.10309,1.10192,1.1023,1.10197,11.6999999999989
2,26,8,1.10196,1.09716,1.10196,1.09736,48.0000000000014
2,26,9,1.09807,1.09528,1.09731,1.09577,27.9000000000007
2,26,10,1.09666,1.0925,1.09579,1.09259,41.5999999999994
2,29,7,1.08938,1.08846,1.08854,1.08897,-9.20000000000032
2,29,8,1.08962,1.0878,1.08898,1.08848,18.1999999999993
2,29,9,1.08988,1.08728,1.08849,1.08929,-25.9999999999994
2,29,10,1.08979,1.08618,1.08928,1.08629,36.1000000000011
3,1,7,1.08789,1.08697,1.08751,1.08786,-9.20000000000032
3,1,8,1.0885,1.08706,1.08787,1.088,-14.4000000000011
3,1,9,1.088,1.08519,1.08799,1.08576,28.0999999999998
3,1,10,1.08738,1.08353,1.08576,1.08595,-38.4999999999991
3,2,7,1.08568,1.08474,1.08524,1.08565,-9.39999999999941
3,2,8,1.08629,1.08393,1.08565,1.08432,23.5999999999992
3,2,9,1.08523,1.0829,1.08432,1.08389,23.2999999999994
3,2,10,1.08468,1.08254,1.08389,1.08272,21.4000000000003
3,3,7,1.09082,1.0876,1.08808,1.09067,-32.2
3,3,8,1.09102,1.08929,1.09068,1.09071,-17.3000000000001
3,3,9,1.09285,1.08938,1.0907,1.09261,-34.7000000000008
3,3,10,1.0939,1.09165,1.09258,1.09326,-22.5000000000009
3,4,7,1.09866,1.09667,1.09842,1.09713,19.8999999999994
3,4,8,1.09845,1.09031,1.09713,1.09811,-81.4000000000004
3,4,9,1.10397,1.09585,1.09805,1.10253,-81.1999999999991
3,4,10,1.10435,1.09871,1.10254,1.10083,56.3999999999987
3,7,7,1.09725,1.09475,1.09509,1.09491,25.0000000000017
3,7,8,1.0965,1.09482,1.09491,1.0959,-16.8000000000013
3,7,9,1.09594,1.09482,1.09593,1.09497,11.2000000000001
3,7,10,1.09858,1.09464,1.09497,1.09838,-39.3999999999983
3,8,7,1.10266,1.10074,1.10144,1.10138,19.1999999999992
3,8,8,1.10367,1.1013,1.10137,1.10326,-23.6999999999998
3,8,9,1.10559,1.10292,1.10325,1.10416,-26.7000000000017
3,8,10,1.10579,1.10279,1.10416,1.10575,-30.0000000000011
3,9,7,1.09795,1.09661,1.0972,1.09694,13.399999999999
3,9,8,1.09783,1.09478,1.09693,1.09504,30.5
3,9,9,1.09651,1.0946,1.09504,1.09638,-19.1000000000008
3,9,10,1.10177,1.09585,1.0964,1.10069,-59.1999999999993
3,10,7,1.09897,1.08436,1.09739,1.08455,146.1
3,10,8,1.09708,1.08221,1.08457,1.09208,-148.700000000002
3,10,9,1.11154,1.09104,1.09204,1.10415,-205.0
3,10,10,1.11591,1.10414,1.10414,1.11464,-117.700000000001
3,11,7,1.11197,1.10907,1.11046,1.10982,28.999999999999
3,11,8,1.11265,1.10871,1.10983,1.11244,-39.3999999999983
3,11,9,1.11443,1.11153,1.11242,1.11419,-29.0000000000012
3,11,10,1.11695,1.11352,1.1142,1.11583,-34.3000000000004
3,14,7,1.11168,1.10987,1.11132,1.11075,18.1000000000009
3,14,8,1.1135,1.11067,1.11076,1.11255,-28.2999999999989
3,14,9,1.11289,1.11002,1.11256,1.11111,28.6999999999993
3,14,10,1.11214,1.10933,1.11111,1.11001,28.0999999999998
3,15,7,1.10994,1.10844,1.10848,1.10967,-14.9999999999983
3,15,8,1.11249,1.10914,1.10968,1.11156,-33.4999999999996
3,15,9,1.112,1.10937,1.11156,1.11003,26.3000000000013
3,15,10,1.11126,1.10815,1.11002,1.10878,31.0999999999995
3,16,7,1.10916,1.1079,1.10872,1.10901,-12.5999999999982
3,16,8,1.10995,1.10752,1.10905,1.1085,24.2999999999993
3,16,9,1.10971,1.10578,1.10848,1.10634,39.2999999999999
3,16,10,1.10729,1.10595,1.10635,1.10646,-13.4000000000012
3,17,7,1.13281,1.1306,1.13246,1.13263,-22.1000000000005
3,17,8,1.13306,1.12785,1.13264,1.13018,52.0999999999994
3,17,9,1.1328,1.12997,1.13019,1.13278,-28.3000000000011
3,17,10,1.13372,1.1299,1.13276,1.13155,38.2000000000016
3,18,7,1.12846,1.1265,1.12661,1.12755,-19.5999999999996
3,18,8,1.12945,1.12749,1.12755,1.12821,-19.5999999999996
3,18,9,1.13004,1.12763,1.12819,1.12904,-24.1000000000002
3,18,10,1.1307,1.12794,1.12903,1.12967,-27.600000000001
3,21,7,1.12845,1.12724,1.12823,1.12741,12.0999999999993
3,21,8,1.12802,1.12618,1.1274,1.12633,18.4000000000006
3,21,9,1.12762,1.12571,1.12632,1.12609,19.1000000000008
3,21,10,1.12687,1.1247,1.12608,1.12567,21.7000000000001
3,22,7,1.12211,1.12046,1.12128,1.12201,-16.4999999999993
3,22,8,1.12329,1.1219,1.12201,1.12245,-13.9
3,22,9,1.12329,1.12017,1.12242,1.12248,-31.1999999999979
3,22,10,1.12383,1.12162,1.12246,1.12317,-22.1000000000005
3,23,7,1.1198,1.11863,1.11951,1.11917,11.6999999999989
3,23,8,1.11952,1.11662,1.11916,1.11694,29.0000000000012
3,23,9,1.11955,1.11631,1.11692,1.11839,-32.4000000000013
3,23,10,1.11877,1.117,1.11838,1.11815,17.7000000000005
3,24,7,1.11738,1.11442,1.11678,1.11516,29.6000000000007
3,24,8,1.11708,1.11486,1.11517,1.11634,-22.2000000000011
3,24,9,1.11669,1.11526,1.11632,1.11602,14.3000000000004
3,24,10,1.11684,1.115,1.11601,1.11587,18.4000000000006
3,25,7,1.1174,1.11666,1.11737,1.11677,7.39999999999963
3,25,8,1.11688,1.11597,0,1.11639,-9.10000000000188
3,25,9,1.11702,1.11606,1.11638,1.11689,-9.5999999999985
3,25,10,1.11696,1.11645,1.11691,1.11646,5.1000000000001
3,28,7,1.11682,1.11575,1.11629,1.11647,-10.699999999999
3,28,8,1.1183,1.11648,1.11648,1.11803,-18.2000000000015
3,28,9,1.12095,1.11796,1.11803,1.12044,-29.8999999999983
3,28,10,1.122,1.11971,1.12046,1.12152,-22.9000000000013
3,29,7,1.12161,1.11919,1.12049,1.12005,24.2000000000009
3,29,8,1.12154,1.11925,1.12003,1.12141,-22.899999999999
3,29,9,1.12252,1.11973,1.12142,1.12024,27.9000000000007
3,29,10,1.12147,1.11853,1.12021,1.11888,29.3999999999994
3,30,7,1.13368,1.13135,1.13227,1.13361,-23.2999999999994
3,30,8,1.13389,1.13091,1.13364,1.13111,29.7999999999998
3,30,9,1.13277,1.13022,1.13112,1.1327,-25.5000000000005
3,30,10,1.13651,1.13242,1.13272,1.13543,-40.8999999999993
3,31,7,1.13947,1.13743,1.13773,1.13876,-20.4000000000004
3,31,8,1.13989,1.13837,1.13875,1.13887,-15.1999999999997
3,31,9,1.14116,1.13805,1.13886,1.14005,-31.0999999999995
3,31,10,1.14119,1.13822,1.14011,1.13977,29.6999999999992
4,1,7,1.14284,1.14054,1.14111,1.1419,-22.9999999999997
4,1,8,1.14378,1.13856,1.14189,1.13997,52.2
4,1,9,1.14117,1.13687,1.13997,1.13825,42.9999999999997
4,1,10,1.13809,1.13347,1.13773,1.13439,46.2000000000007
4,4,7,1.13779,1.13585,1.13627,1.13742,-19.4000000000005
4,4,8,1.14002,1.13743,1.13743,1.13976,-25.9000000000009
4,4,9,1.14095,1.13931,1.13976,1.1399,-16.3999999999986
4,4,10,1.14077,1.13729,1.13989,1.13811,34.8000000000015
4,5,7,1.13656,1.13537,1.1359,1.13628,-11.9000000000002
4,5,8,1.13822,1.1361,1.1363,1.1373,-21.199999999999
4,5,9,1.13742,1.13527,1.13732,1.13568,21.500000000001
4,5,10,1.13764,1.13359,1.1357,1.13761,-40.4999999999989
4,6,7,1.13567,1.13267,1.13488,1.13437,29.9999999999989
4,6,8,1.13731,1.1333,1.13437,1.13656,-40.1000000000007
4,6,9,1.1399,1.13594,1.13655,1.13894,-39.5999999999996
4,6,10,1.14006,1.13729,1.13895,1.13737,27.7000000000016
4,7,7,1.14056,1.13596,1.13731,1.13675,45.9999999999994
4,7,8,1.13789,1.13578,1.13676,1.13775,-21.1000000000006
4,7,9,1.13782,1.13376,1.13777,1.13516,40.5999999999995
4,7,10,1.13855,1.13506,1.13515,1.13794,-34.8999999999999
4,8,7,1.13697,1.13595,1.13666,1.13667,-10.2000000000002
4,8,8,1.13721,1.13517,1.13669,1.13632,20.4000000000004
4,8,9,1.13974,1.13621,1.13632,1.13832,-35.3000000000003
4,8,10,1.14097,1.13831,1.13833,1.14061,-26.6000000000011
4,11,7,1.14057,1.13861,1.13906,1.13917,-19.6000000000018
4,11,8,1.14218,1.13868,1.13919,1.14116,-35.0000000000006
4,11,9,1.1444,1.13942,1.14115,1.14408,-49.7999999999998
4,11,10,1.14472,1.14316,1.14408,1.14427,-15.6000000000001
4,12,7,1.14153,1.13967,1.14089,1.14106,-18.5999999999997
4,12,8,1.14133,1.13797,1.14107,1.13826,33.6000000000003
4,12,9,1.13967,1.13629,1.13826,1.13707,33.7999999999994
4,12,10,1.13772,1.13458,1.13708,1.13744,-31.4000000000014
4,13,7,1.13093,1.1296,1.13033,1.13027,13.3000000000005
4,13,8,1.1326,1.12951,1.13029,1.13127,-30.9000000000004
4,13,9,1.13243,1.12805,1.13126,1.12809,43.8000000000005
4,13,10,1.12941,1.12724,1.12814,1.12839,-21.7000000000001
4,14,7,1.12687,1.12548,1.12594,1.12598,-13.9
4,14,8,1.12946,1.12494,1.12597,1.1276,-45.1999999999986
4,14,9,1.12841,1.12631,1.12761,1.12799,-20.9999999999999
4,14,10,1.12807,1.12516,1.128,1.12628,29.0999999999997
4,15,7,1.1288,1.12778,1.12784,1.12817,-10.2000000000002
4,15,8,1.12971,1.12738,1.12819,1.12746,23.2999999999994
4,15,9,1.12932,1.12721,1.12745,1.12881,-21.1000000000006
4,15,10,1.1317,1.1288,1.12882,1.12951,-28.999999999999
4,18,7,1.13098,1.12992,1.13046,1.1309,-10.6000000000006
4,18,8,1.13192,1.13009,1.13088,1.13073,18.3
4,18,9,1.13146,1.1297,1.13077,1.13067,17.5999999999998
4,18,10,1.1332,1.13049,1.13066,1.1329,-27.0999999999999
4,19,7,1.13485,1.1328,1.13345,1.13407,-20.4999999999989
4,19,8,1.13596,1.13388,1.13411,1.13538,-20.8000000000008
4,19,9,1.13806,1.13535,1.13538,1.13775,-27.0999999999999
4,19,10,1.13825,1.13602,1.13775,1.13766,22.2999999999995
4,20,7,1.13804,1.13639,1.13676,1.1378,-16.4999999999993
4,20,8,1.13877,1.13635,1.1378,1.13657,24.2000000000009
4,20,9,1.13677,1.13349,1.13658,1.13391,32.7999999999995
4,20,10,1.13443,1.13179,1.13391,1.13296,26.3999999999998
4,21,7,1.13339,1.13071,1.13106,1.13278,-26.7999999999979
4,21,8,1.13987,1.13256,1.13282,1.13755,-73.0999999999993
4,21,9,1.13901,1.12763,1.13763,1.1296,113.800000000002
4,21,10,1.13055,1.12696,1.1296,1.12884,35.8999999999998
4,22,7,1.12808,1.12624,1.12686,1.12644,18.4000000000006
4,22,8,1.12671,1.1249,1.12645,1.12562,18.1000000000009
4,22,9,1.12629,1.12453,1.12563,1.12527,17.5999999999998
4,22,10,1.12703,1.1239,1.12519,1.12399,31.3000000000008
4,25,7,1.12623,1.12509,1.12549,1.1257,-11.4000000000014
4,25,8,1.12673,1.12486,1.1257,1.12503,18.7000000000004
4,25,9,1.12641,1.12441,1.12501,1.12573,-20.0
4,25,10,1.12685,1.12553,1.12575,1.12672,-13.1999999999999
4,26,7,1.1285,1.12706,1.12841,1.12743,14.4000000000011
4,26,8,1.13191,1.12734,1.12743,1.1307,-45.6999999999996
4,26,9,1.13397,1.13038,1.13071,1.13281,-35.8999999999998
4,26,10,1.13376,1.1305,1.13286,1.13051,32.6000000000004
4,27,7,1.13149,1.13011,1.13083,1.13018,13.8000000000016
4,27,8,1.13219,1.12931,1.13018,1.13157,-28.7999999999999
4,27,9,1.13289,1.13093,1.13157,1.13212,-19.5999999999996
4,27,10,1.13284,1.13073,1.13215,1.13075,21.1000000000006
4,28,7,1.13543,1.13387,1.13473,1.13458,15.6000000000001
4,28,8,1.13591,1.13366,1.13457,1.13455,22.5000000000009
4,28,9,1.13496,1.13251,1.13455,1.13333,24.5000000000006
4,28,10,1.13398,1.13115,1.13337,1.13149,28.2999999999989
4,29,7,1.1407,1.13819,1.13955,1.14046,-25.1000000000001
4,29,8,1.14318,1.13966,1.14045,1.14146,-35.2000000000019
4,29,9,1.14448,1.14123,1.14146,1.14383,-32.4999999999997
4,29,10,1.14574,1.14324,1.14386,1.14524,-24.9999999999995
5,2,7,1.14838,1.14727,1.14787,1.14777,11.0999999999994
5,2,8,1.15011,1.14763,1.14778,1.14835,-24.8000000000004
5,2,9,1.15248,1.1469,1.14836,1.15211,-55.7999999999992
5,2,10,1.15346,1.14907,1.15218,1.15115,43.8999999999989
5,3,7,1.15839,1.15643,1.15805,1.15658,19.5999999999996
5,3,8,1.15706,1.15478,1.15656,1.15535,22.8000000000006
5,3,9,1.15636,1.15377,1.15535,1.15522,25.9000000000009
5,3,10,1.15625,1.15143,1.15528,1.1516,48.2000000000005
5,4,7,1.15073,1.14831,1.1484,1.15051,-24.2000000000009
5,4,8,1.15292,1.14865,1.1505,1.14935,42.7
5,4,9,1.15181,1.14876,1.14933,1.15009,-30.5
5,4,10,1.15057,1.14664,1.14995,1.14921,39.2999999999999
5,5,7,1.14325,1.14179,1.14261,1.14319,-14.6000000000002
5,5,8,1.14422,1.14222,1.14318,1.14341,-20.0
5,5,9,1.14362,1.14041,1.14337,1.14072,32.1000000000016
5,5,10,1.14148,1.1386,1.14067,1.13982,28.7999999999999
5,6,7,1.14301,1.14205,1.14249,1.14256,-9.60000000000072
5,6,8,1.14787,1.14023,1.14255,1.14356,-76.3999999999987
5,6,9,1.14418,1.14033,1.14353,1.14251,38.4999999999991
5,6,10,1.14324,1.1401,1.14254,1.14219,31.4000000000014
5,9,7,1.13939,1.13752,1.13896,1.13815,18.6999999999982
5,9,8,1.14079,1.13806,1.13811,1.14021,-27.299999999999
5,9,9,1.14066,1.13868,1.14022,1.13874,19.8000000000009
5,9,10,1.1414,1.13828,1.13875,1.13952,-31.2000000000001
5,10,7,1.13792,1.13586,1.13625,1.13658,-20.5999999999995
5,10,8,1.13869,1.13649,1.13654,1.13742,-21.9999999999998
5,10,9,1.13954,1.1372,1.13742,1.13869,-23.4000000000001
5,10,10,1.14097,1.13783,1.13871,1.13926,-31.4000000000014
5,11,7,1.14049,1.13933,1.13946,1.13991,-11.6000000000005
5,11,8,1.142,1.1399,1.13991,1.14058,-20.9999999999999
5,11,9,1.14285,1.14028,1.14062,1.1428,-25.6999999999996
5,11,10,1.14438,1.14222,1.14279,1.14316,-21.5999999999994
5,12,7,1.14013,1.13783,1.13911,1.13807,23.0000000000019
5,12,8,1.14051,1.13785,1.13809,1.14046,-26.5999999999988
5,12,9,1.14149,1.1396,1.14048,1.14115,-18.8999999999995
5,12,10,1.14136,1.1398,1.14112,1.14036,15.6000000000001
5,13,7,1.13539,1.13444,1.13452,1.1351,-9.50000000000006
5,13,8,1.13563,1.13079,1.13511,1.13169,48.3999999999996
5,13,9,1.13315,1.13016,1.13167,1.1302,29.9000000000005
5,13,10,1.13054,1.12846,1.13012,1.12991,20.8000000000008
5,16,7,1.13266,1.13154,1.13235,1.13212,11.2000000000001
5,16,8,1.13422,1.1317,1.13212,1.13362,-25.2000000000008
5,16,9,1.13385,1.13264,1.13363,1.13313,12.0999999999993
5,16,10,1.13406,1.13257,1.13313,1.1332,-14.8999999999999
5,17,7,1.13226,1.13164,1.13209,1.132,6.20000000000065
5,17,8,1.13226,1.13019,1.132,1.13109,20.7000000000002
5,17,9,1.13482,1.13108,1.1311,1.13389,-37.3999999999985
5,17,10,1.13459,1.13329,1.13392,1.1334,13.0000000000008
5,18,7,1.12887,1.1271,1.12725,1.12846,-17.7000000000005
5,18,8,1.12863,1.1269,1.12848,1.12742,17.3000000000001
5,18,9,1.12855,1.12607,1.12742,1.12711,24.8000000000004
5,18,10,1.12901,1.127,1.12712,1.12779,-20.1000000000007
5,19,7,1.12071,1.11909,1.1203,1.11921,16.2000000000018
5,19,8,1.12009,1.11799,1.11924,1.11812,20.9999999999999
5,19,9,1.12064,1.11804,1.11814,1.11985,-26.0000000000016
5,19,10,1.12276,1.11912,1.11983,1.12049,-36.4000000000009
5,20,7,1.12216,1.1211,1.12139,1.12208,-10.6000000000006
5,20,8,1.1225,1.12167,1.12207,1.12223,-8.30000000000108
5,20,9,1.1237,1.12208,1.12223,1.12216,16.1999999999995
5,20,10,1.12243,1.12039,1.12221,1.12119,20.4000000000004
5,23,7,1.12134,1.12047,1.12064,1.12113,-8.69999999999926
5,23,8,1.12177,1.11995,1.12114,1.12002,18.1999999999993
5,23,9,1.12007,1.11876,1.12001,1.11926,13.0999999999992
5,23,10,1.1207,1.11875,1.11927,1.11966,-19.5000000000012
5,24,7,1.11858,1.11701,1.11816,1.11705,15.6999999999985
5,24,8,1.11757,1.11567,1.11706,1.11608,19.0000000000001
5,24,9,1.11633,1.11533,1.11607,1.11584,10.0000000000011
5,24,10,1.11615,1.11452,1.11582,1.11595,-16.3000000000002
5,25,7,1.115,1.11405,1.11436,1.11491,-9.50000000000006
5,25,8,1.11533,1.11412,1.11492,1.11469,12.0999999999993
5,25,9,1.11535,1.11418,1.11468,1.11509,-11.7000000000012
5,25,10,1.11517,1.11288,1.11508,1.11446,22.899999999999
5,26,7,1.1184,1.11667,1.11797,1.11703,17.3000000000001
5,26,8,1.1202,1.1159,1.11703,1.12003,-43.0000000000019
5,26,9,1.12166,1.11956,1.12005,1.11969,20.9999999999999
5,26,10,1.1203,1.1184,1.11969,1.11842,19.0000000000001
5,27,7,1.11831,1.1163,1.11769,1.11653,20.0999999999985
5,27,8,1.1177,1.1153,1.11654,1.11561,23.9999999999996
5,27,9,1.11618,1.11453,1.1156,1.11518,16.4999999999993
5,27,10,1.11548,1.11254,1.11517,1.11338,29.3999999999994
5,30,7,1.11434,1.11372,1.11396,1.11392,6.20000000000065
5,30,8,1.11411,1.11341,1.11393,1.11395,-6.99999999999923
5,30,9,1.11447,1.11363,1.11397,1.11409,-8.40000000000174
5,30,10,1.11436,1.1137,1.11409,1.1137,6.60000000000105
5,31,7,1.11652,1.11501,1.1152,1.11619,-15.099999999999
5,31,8,1.11622,1.11459,1.11621,1.11539,16.3000000000002
5,31,9,1.11702,1.11531,1.11539,1.11684,-17.0999999999988
5,31,10,1.11733,1.11326,1.11706,1.11326,40.7000000000002
6,1,7,1.11797,1.11545,1.11577,1.11742,-25.1999999999986
6,1,8,1.11857,1.1172,1.11741,1.11779,-13.7000000000009
6,1,9,1.11812,1.11645,1.11778,1.1178,-16.7000000000006
6,1,10,1.11784,1.11486,1.11769,1.11752,29.7999999999998
6,2,7,1.11991,1.11833,1.11986,1.11862,15.7999999999992
6,2,8,1.12159,1.11662,1.11863,1.11877,-49.7000000000014
6,2,9,1.11923,1.1152,1.11884,1.1162,40.2999999999998
6,2,10,1.11788,1.11564,1.1162,1.1159,22.4000000000002
6,3,7,1.11481,1.11386,1.11395,1.11439,-9.50000000000006
6,3,8,1.12977,1.11439,1.11439,1.12873,-153.8
6,3,9,1.13331,1.12864,1.12873,1.13258,-46.6999999999995
6,3,10,1.13497,1.13217,1.13348,1.13273,28.0000000000014
6,6,7,1.13491,1.13326,1.13343,1.13429,-16.5000000000015
6,6,8,1.13633,1.1343,1.1343,1.13489,-20.2999999999998
6,6,9,1.13591,1.13436,1.13487,1.13509,-15.4999999999994
6,6,10,1.13685,1.13491,1.13509,1.1366,-19.3999999999983
6,7,7,1.13611,1.13388,1.13598,1.13463,22.2999999999995
6,7,8,1.13663,1.13408,1.13463,1.1365,-25.5000000000005
6,7,9,1.13668,1.13532,1.13653,1.13584,13.5999999999981
6,7,10,1.13642,1.13409,1.13584,1.13544,23.2999999999994
6,8,7,1.13851,1.13722,1.13726,1.13818,-12.9000000000001
6,8,8,1.1395,1.13737,1.13818,1.13922,-21.2999999999997
6,8,9,1.14083,1.13881,1.13926,1.14035,-20.1999999999991
6,8,10,1.14105,1.13923,1.14035,1.13931,18.1999999999993
6,9,7,1.13464,1.13296,1.13423,1.13413,16.8000000000013
6,9,8,1.13525,1.13271,1.13413,1.13271,25.3999999999999
6,9,9,1.13313,1.13116,1.1326,1.13241,19.7000000000003
6,9,10,1.13258,1.13055,1.13242,1.13256,-20.2999999999998
6,10,7,1.13089,1.12966,1.12976,1.13005,-12.2999999999984
6,10,8,1.13122,1.12988,1.13008,1.1304,-13.399999999999
6,10,9,1.13043,1.12807,1.1304,1.12884,23.6000000000014
6,10,10,1.13028,1.12838,1.12881,1.12977,-19.0000000000001
6,13,7,1.12781,1.12665,1.12695,1.12695,
6,13,8,1.12729,1.12504,1.12693,1.12509,22.4999999999986
6,13,9,1.12689,1.12375,1.12509,1.12688,-31.3999999999992
6,13,10,1.13028,1.12676,1.12692,1.13003,-35.1999999999997
6,14,7,1.12326,1.12198,1.12223,1.12246,-12.7999999999995
6,14,8,1.12398,1.12177,1.12246,1.1234,-22.1000000000005
6,14,9,1.12414,1.12035,1.12341,1.1205,37.8999999999996
6,14,10,1.12111,1.11889,1.12051,1.12107,-22.2000000000011
6,15,7,1.12335,1.12239,1.12239,1.12261,-9.60000000000072
6,15,8,1.12378,1.12236,1.12264,1.12257,14.1999999999998
6,15,9,1.12308,1.12094,1.1226,1.12266,-21.4000000000003
6,15,10,1.12425,1.1225,1.12265,1.12347,-17.4999999999992
6,16,7,1.12155,1.11747,1.12115,1.11763,40.8000000000008
6,16,8,1.11881,1.11626,1.11764,1.11706,25.5000000000005
6,16,9,1.11738,1.11385,1.11707,1.11523,35.3000000000003
6,16,10,1.11577,1.11308,1.11522,1.1147,26.8999999999986
6,17,7,1.12678,1.12528,1.12615,1.12532,14.9999999999983
6,17,8,1.12589,1.1245,1.12532,1.12454,13.9
6,17,9,1.12802,1.12433,1.12452,1.12709,-36.8999999999997
6,17,10,1.12962,1.1242,1.1271,1.12457,54.1999999999998
6,20,7,1.13354,1.13219,1.13273,1.13283,-13.4999999999996
6,20,8,1.13477,1.13251,1.1328,1.13423,-22.6000000000015
6,20,9,1.13573,1.13375,1.13424,1.13433,-19.7999999999987
6,20,10,1.13504,1.13352,1.13434,1.13373,15.1999999999997
6,21,7,1.13305,1.13102,1.13243,1.13107,20.2999999999998
6,21,8,1.13199,1.12831,1.13108,1.12844,36.8000000000013
6,21,9,1.13011,1.12429,1.12843,1.12487,58.1999999999994
6,21,10,1.12815,1.12441,1.12486,1.12684,-37.4000000000008
6,22,7,1.12999,1.1281,1.12907,1.12819,18.8999999999995
6,22,8,1.13133,1.1277,1.12819,1.13133,-36.3000000000002
6,22,9,1.13216,1.12981,1.13135,1.13147,-23.5000000000007
6,22,10,1.13376,1.12795,1.13158,1.12817,58.1000000000009
6,23,7,1.14096,1.13759,1.13979,1.13894,33.6999999999987
6,23,8,1.14051,1.1384,1.13894,1.13909,-21.0999999999983
6,23,9,1.13925,1.13624,1.13908,1.13798,30.1000000000018
6,23,10,1.13923,1.13468,1.138,1.13488,45.5000000000005
6,24,7,1.10749,1.10431,1.10518,1.10494,31.8000000000018
6,24,8,1.1094,1.10403,1.10493,1.10512,-53.6999999999988
6,24,9,1.11052,1.10348,1.10513,1.1059,-70.3999999999993
6,24,10,1.11343,1.10481,1.10591,1.11158,-86.1999999999985
6,27,7,1.10203,1.09815,1.10137,1.09927,38.800000000001
6,27,8,1.10048,1.09706,1.09927,1.09919,34.1999999999998
6,27,9,1.10215,1.09877,1.09921,1.10125,-33.7999999999994
6,27,10,1.10289,1.09722,1.10144,1.0973,56.6999999999984
6,28,7,1.10923,1.10704,1.10894,1.10706,21.8999999999991
6,28,8,1.10846,1.10634,1.10711,1.10714,-21.199999999999
6,28,9,1.10721,1.10521,1.10712,1.10576,20.0
6,28,10,1.10725,1.10483,1.10576,1.10514,24.2000000000009
6,29,7,1.10962,1.10698,1.10887,1.1086,26.3999999999998
6,29,8,1.11117,1.10799,1.10863,1.10815,31.7999999999996
6,29,9,1.11198,1.10742,1.10814,1.11184,-45.599999999999
6,29,10,1.11305,1.10899,1.11184,1.11044,40.6000000000017
6,30,7,1.11541,1.10982,1.11447,1.11043,55.8999999999998
6,30,8,1.1118,1.10766,1.11042,1.11124,-41.3999999999981
6,30,9,1.11192,1.10899,1.11126,1.11161,-29.300000000001
6,30,10,1.11239,1.10898,1.11163,1.11179,-34.0999999999991
7,1,7,1.11385,1.11153,1.11231,1.11197,23.200000000001
7,1,8,1.1144,1.11191,1.11202,1.11322,-24.900000000001
7,1,9,1.11694,1.11321,1.11323,1.11522,-37.3000000000001
7,1,10,1.1156,1.11125,1.11516,1.11323,43.4999999999985
7,4,7,1.11399,1.11211,1.11227,1.11361,-18.800000000001
7,4,8,1.1148,1.11315,1.1136,1.11441,-16.4999999999993
7,4,9,1.11443,1.11291,1.11438,1.11318,15.1999999999997
7,4,10,1.11446,1.1131,1.11317,1.11378,-13.6000000000003
7,5,7,1.11612,1.11384,1.11536,1.11437,22.8000000000006
7,5,8,1.11592,1.113,1.11436,1.11546,-29.2000000000003
7,5,9,1.11674,1.11416,1.11543,1.11484,25.8000000000003
7,5,10,1.11516,1.11049,1.11484,1.11061,46.6999999999995
7,6,7,1.10745,1.10529,1.10669,1.10537,21.5999999999994
7,6,8,1.10879,1.10532,1.10537,1.10741,-34.6999999999986
7,6,9,1.10846,1.10662,1.10742,1.10678,18.4000000000006
7,6,10,1.10716,1.1029,1.10674,1.10699,-42.5999999999993
7,7,7,1.10872,1.10713,1.10824,1.10739,15.8999999999998
7,7,8,1.10897,1.10675,1.10735,1.10869,-22.2000000000011
7,7,9,1.10994,1.10815,1.10868,1.10955,-17.8999999999996
7,7,10,1.10959,1.10648,1.10957,1.10707,31.1000000000017
7,8,7,1.10715,1.10596,1.10643,1.10624,11.9000000000002
7,8,8,1.10825,1.10019,1.10623,1.10245,80.5999999999996
7,8,9,1.11202,1.10219,1.10243,1.10535,-98.3000000000001
7,8,10,1.10561,1.10271,1.10536,1.10359,28.999999999999
7,11,7,1.10595,1.10422,1.10474,1.1046,17.3000000000001
7,11,8,1.10555,1.10419,1.10459,1.10536,-13.6000000000003
7,11,9,1.10746,1.1049,1.10535,1.10643,-25.6000000000012
7,11,10,1.10689,1.10441,1.10642,1.10443,24.8000000000004
7,12,7,1.10951,1.10799,1.10924,1.10922,15.1999999999997
7,12,8,1.11053,1.1089,1.10923,1.11016,-16.3000000000002
7,12,9,1.11024,1.10821,1.11014,1.10922,20.2999999999998
7,12,10,1.10986,1.10647,1.1092,1.10721,33.9
7,13,7,1.10849,1.10722,1.10848,1.10741,12.6999999999988
7,13,8,1.10883,1.10667,1.10741,1.10875,-21.5999999999994
7,13,9,1.10945,1.10795,1.10874,1.10831,15.0000000000006
7,13,10,1.11198,1.10815,1.10831,1.11016,-38.3
7,14,7,1.11646,1.11018,1.11031,1.1151,-62.8000000000006
7,14,8,1.11647,1.11098,1.11511,1.11149,54.9
7,14,9,1.11189,1.11005,1.11148,1.11117,18.4000000000006
7,14,10,1.11244,1.11026,1.11118,1.11041,21.8000000000007
7,15,7,1.114,1.11209,1.11361,1.11222,19.1000000000008
7,15,8,1.1134,1.11062,1.11222,1.11163,27.8
7,15,9,1.11181,1.10715,1.11162,1.10815,46.5999999999989
7,15,10,1.10897,1.10646,1.10813,1.10702,25.1000000000001
7,18,7,1.1059,1.10476,1.10494,1.10572,-11.4000000000014
7,18,8,1.10597,1.10471,1.10571,1.10509,12.5999999999982
7,18,9,1.1065,1.1048,1.1051,1.10643,-17.0000000000003
7,18,10,1.10696,1.1058,1.10643,1.10666,-11.6000000000005
7,19,7,1.10598,1.10237,1.10585,1.10317,36.0999999999989
7,19,8,1.10372,1.10143,1.10316,1.10243,22.9000000000013
7,19,9,1.10301,1.10117,1.10244,1.10237,18.4000000000006
7,19,10,1.10269,1.10099,1.10236,1.10107,17.0000000000004
7,20,7,1.10151,1.1005,1.10109,1.10116,-10.0999999999996
7,20,8,1.10164,1.09912,1.10117,1.0995,25.1999999999986
7,20,9,1.10033,1.09922,1.09952,1.09969,-11.0999999999994
7,20,10,1.10295,1.09963,1.09972,1.10079,-33.1999999999999
7,21,7,1.1028,1.10108,1.10152,1.10118,17.1999999999994
7,21,8,1.10595,1.1009,1.10119,1.10431,-50.5
7,21,9,1.10576,1.10059,1.10436,1.10101,51.7000000000012
7,21,10,1.10155,1.09795,1.10101,1.09939,36.0000000000005
7,22,7,1.10304,1.10132,1.10161,1.10241,-17.1999999999994
7,22,8,1.10249,1.1009,1.10242,1.10139,15.8999999999998
7,22,9,1.10241,1.10078,1.10136,1.10124,16.299999999998
7,22,10,1.10172,1.09715,1.10126,1.098,45.6999999999996
7,25,7,1.09888,1.09809,1.09887,1.09836,7.90000000000068
7,25,8,1.09889,1.0972,1.09836,1.09738,16.8999999999997
7,25,9,1.09847,1.0972,1.09736,1.09781,-12.700000000001
7,25,10,1.09853,1.09701,1.09782,1.09705,15.1999999999997
7,26,7,1.10024,1.09947,1.10015,1.09971,7.70000000000159
7,26,8,1.09996,1.09851,1.0997,1.09948,14.4999999999995
7,26,9,1.10063,1.09913,1.09944,1.10018,-15.0000000000006
7,26,10,1.10029,1.09781,1.10019,1.09806,24.8000000000004
7,27,7,1.09967,1.09888,1.09942,1.09919,7.89999999999846
7,27,8,1.1004,1.09879,1.0992,1.0999,-16.1000000000011
7,27,9,1.10053,1.09927,1.09991,1.10022,-12.6000000000004
7,27,10,1.10078,1.09851,1.10021,1.09868,22.6999999999999
7,28,7,1.10889,1.10791,1.10834,1.10838,-9.79999999999981
7,28,8,1.11033,1.10826,1.10826,1.10996,-20.7000000000002
7,28,9,1.11054,1.10898,1.10998,1.11052,-15.6000000000001
7,28,10,1.11078,1.1082,1.11052,1.1083,25.8000000000003
7,29,7,1.11144,1.1109,1.11117,1.11137,-5.39999999999985
7,29,8,1.11555,1.11048,1.11138,1.11497,-50.7000000000013
7,29,9,1.11679,1.11494,1.11498,1.11624,-18.4999999999991
7,29,10,1.11823,1.11621,1.11623,1.11792,-20.2000000000013
8,1,7,1.11676,1.1155,1.11642,1.11564,12.6000000000004
8,1,8,1.11696,1.11561,1.11563,1.11648,-13.4999999999996
8,1,9,1.11696,1.116,1.11647,1.11645,9.5999999999985
8,1,10,1.11747,1.11631,1.11685,1.11697,-11.6000000000005
8,2,7,1.11954,1.11869,1.11916,1.11936,-8.50000000000017
8,2,8,1.12058,1.11873,1.11935,1.12009,-18.4999999999991
8,2,9,1.12163,1.12008,1.12008,1.12151,-15.4999999999994
8,2,10,1.12248,1.1211,1.12151,1.12195,-13.7999999999994
8,3,7,1.12026,1.11965,1.11985,1.12021,-6.09999999999999
8,3,8,1.12045,1.11902,1.12023,1.11933,14.3000000000004
8,3,9,1.11962,1.11757,1.11933,1.11804,20.5000000000011
8,3,10,1.11852,1.11622,1.11807,1.1172,22.9999999999997
8,4,7,1.11384,1.11139,1.11314,1.11217,24.4999999999984
8,4,8,1.11479,1.11216,1.11217,1.11439,-26.2999999999991
8,4,9,1.11486,1.11356,1.1144,1.11431,12.9999999999986
8,4,10,1.11481,1.11361,1.11433,1.11386,12.0000000000009
8,5,7,1.11604,1.1145,1.11452,1.11542,-15.3999999999987
8,5,8,1.11612,1.10815,1.11543,1.10836,79.7000000000003
8,5,9,1.10857,1.10458,1.10835,1.10501,39.9000000000016
8,5,10,1.10722,1.10486,1.10504,1.10705,-23.6000000000014
8,8,7,1.10861,1.10787,1.10811,1.10845,-7.40000000000185
8,8,8,1.10875,1.10819,1.10843,1.10867,-5.59999999999894
8,8,9,1.10877,1.10736,1.10866,1.10737,14.1000000000013
8,8,10,1.10862,1.10735,1.10736,1.1074,-12.6999999999988
8,9,7,1.10876,1.10752,1.10846,1.10772,12.3999999999991
8,9,8,1.10803,1.10746,1.10773,1.10795,-5.6999999999996
8,9,9,1.11104,1.10781,1.10795,1.1101,-32.3000000000007
8,9,10,1.11225,1.11,1.11011,1.111,-22.4999999999986
8,10,7,1.119,1.11723,1.11723,1.11853,-17.7000000000005
8,10,8,1.11895,1.11798,1.11853,1.11892,-9.69999999999915
8,10,9,1.11895,1.11729,1.11893,1.11754,16.5999999999999
8,10,10,1.11782,1.1159,1.11754,1.11648,19.2000000000014
8,11,7,1.11543,1.11415,1.11476,1.11466,12.7999999999995
8,11,8,1.11611,1.11461,1.11466,1.11568,-14.9999999999983
8,11,9,1.1168,1.11509,1.11568,1.11664,-17.100000000001
8,11,10,1.11792,1.1165,1.11665,1.1178,-14.1999999999998
8,12,7,1.11545,1.11476,1.11535,1.115,6.90000000000079
8,12,8,1.12212,1.11499,1.11503,1.12089,-71.3000000000008
8,12,9,1.12104,1.11848,1.12088,1.11955,25.6000000000012
8,12,10,1.12034,1.11686,1.11953,1.11785,34.7999999999993
8,15,7,1.11838,1.11673,1.11699,1.11829,-16.4999999999993
8,15,8,1.1186,1.1174,1.11829,1.11741,12.0000000000009
8,15,9,1.11964,1.11712,1.1174,1.11899,-25.2000000000008
8,15,10,1.12036,1.11838,1.119,1.11962,-19.8000000000009
8,16,7,1.13,1.12743,1.12766,1.12941,-25.6999999999996
8,16,8,1.13224,1.12615,1.1294,1.12789,60.8999999999993
8,16,9,1.12878,1.12458,1.1279,1.127,41.9999999999998
8,16,10,1.12834,1.12588,1.12703,1.12598,24.5999999999991
8,17,7,1.12746,1.12679,1.12689,1.12717,-6.69999999999948
8,17,8,1.12794,1.12691,1.12717,1.12717,
8,17,9,1.12783,1.12639,1.12715,1.12648,14.4000000000011
8,17,10,1.12779,1.12638,1.12648,1.12754,-14.1000000000013
8,18,7,1.13384,1.13192,1.13225,1.13214,19.1999999999992
8,18,8,1.13289,1.13052,1.13214,1.13117,23.6999999999998
8,18,9,1.13202,1.13059,1.13117,1.13159,-14.3000000000004
8,18,10,1.13294,1.13064,1.1316,1.13269,-22.9999999999997
8,19,7,1.13295,1.13181,1.13246,1.13194,11.3999999999992
8,19,8,1.13299,1.13068,1.13191,1.13209,-23.1000000000003
8,19,9,1.13272,1.13134,1.1321,1.13184,13.7999999999994
8,19,10,1.13329,1.13166,1.13184,1.13254,-16.299999999998
8,22,7,1.13066,1.1295,1.12954,1.13045,-11.6000000000005
8,22,8,1.13108,1.13008,1.13044,1.13041,10.0000000000011
8,22,9,1.13145,1.13041,1.13043,1.13122,-10.4000000000015
8,22,10,1.13305,1.13061,1.13122,1.13284,-24.4
8,23,7,1.13482,1.13304,1.13325,1.13442,-17.7999999999989
8,23,8,1.13441,1.13355,1.13441,1.13384,8.59999999999861
8,23,9,1.13393,1.1324,1.13384,1.13261,15.3000000000003
8,23,10,1.13349,1.132,1.13261,1.13223,14.9000000000021
8,24,7,1.12796,1.12562,1.12791,1.12664,23.4000000000001
8,24,8,1.12708,1.12539,1.12665,1.12598,16.9000000000019
8,24,9,1.12706,1.12527,1.12599,1.12624,-17.8999999999996
8,24,10,1.1267,1.12453,1.12632,1.12479,21.7000000000001
8,25,7,1.1291,1.1282,1.12901,1.12871,8.99999999999901
8,25,8,1.12972,1.12774,1.12872,1.12941,-19.8000000000009
8,25,9,1.12956,1.12876,1.1294,1.12942,-7.99999999999912
8,25,10,1.12961,1.12772,1.12942,1.12793,18.8999999999995
8,26,7,1.12935,1.12861,1.12893,1.12916,-7.40000000000185
8,26,8,1.13101,1.12837,1.12914,1.12993,-26.3999999999998
8,26,9,1.13062,1.12833,1.12992,1.13037,-22.899999999999
8,26,10,1.13409,1.12419,1.13042,1.12788,99.0000000000002
8,29,7,1.11814,1.11679,1.11806,1.11687,13.4999999999996
8,29,8,1.1175,1.11622,1.11687,1.11658,12.7999999999995
8,29,9,1.11747,1.11579,1.11658,1.11721,-16.799999999999
8,29,10,1.11773,1.11613,1.11724,1.11653,15.9999999999982
8,30,7,1.11713,1.11627,1.11677,1.11644,8.59999999999861
8,30,8,1.11711,1.11531,1.11644,1.11587,18.0000000000002
8,30,9,1.11651,1.11458,1.11587,1.11464,19.2999999999999
8,30,10,1.11567,1.1136,1.11463,1.11492,-20.7000000000002
8,31,7,1.11422,1.1134,1.11414,1.11344,8.20000000000043
8,31,8,1.11348,1.1123,1.11343,1.1132,11.7999999999996
8,31,9,1.11476,1.11281,1.11319,1.11431,-19.499999999999
8,31,10,1.11465,1.11269,1.1143,1.11345,19.5999999999996
9,1,7,1.1155,1.11459,1.11511,1.11491,9.09999999999966
9,1,8,1.11496,1.1136,1.11493,1.11407,13.6000000000003
9,1,9,1.11426,1.113,1.11408,1.11361,12.6000000000004
9,1,10,1.11988,1.11374,1.11374,1.1191,-61.4000000000003
9,2,7,1.11943,1.11834,1.11845,1.11901,-10.9000000000004
9,2,8,1.12521,1.11606,1.11902,1.1208,-91.4999999999999
9,2,9,1.12196,1.11924,1.12077,1.12056,27.2000000000006
9,2,10,1.12092,1.11512,1.1206,1.11611,58.0000000000003
9,5,7,1.11647,1.11594,1.11637,1.11619,5.30000000000142
9,5,8,1.11624,1.1154,1.11617,1.11546,8.39999999999952
9,5,9,1.11548,1.11391,1.11546,1.11446,15.7000000000007
9,5,10,1.11512,1.11416,1.11445,1.11416,9.5999999999985
9,6,7,1.1169,1.11587,1.11671,1.11594,10.3000000000009
9,6,8,1.11639,1.11543,1.11594,1.1159,9.60000000000072
9,6,9,1.11679,1.11579,1.11593,1.11621,-9.9999999999989
9,6,10,1.12556,1.11622,1.11622,1.12384,-93.399999999999
9,7,7,1.12513,1.12376,1.12477,1.12376,13.6999999999987
9,7,8,1.12508,1.12287,1.12375,1.12451,-22.1000000000005
9,7,9,1.12538,1.12407,1.12451,1.12519,-13.1000000000014
9,7,10,1.12712,1.12391,1.12525,1.12416,32.0999999999994
9,8,7,1.13155,1.12801,1.12917,1.12916,35.400000000001
9,8,8,1.13269,1.12736,1.12918,1.13066,-53.3000000000006
9,8,9,1.13256,1.1286,1.13067,1.12869,39.5999999999996
9,8,10,1.12911,1.12623,1.12871,1.12752,28.7999999999999
9,9,7,1.12767,1.12598,1.12618,1.1261,16.8999999999997
9,9,8,1.12712,1.12336,1.12611,1.12336,37.5999999999999
9,9,9,1.12366,1.12032,1.12335,1.12056,33.4000000000012
9,9,10,1.12327,1.11984,1.12056,1.12113,-34.3000000000004
9,12,7,1.12324,1.12179,1.12209,1.12295,-14.4999999999995
9,12,8,1.123,1.12144,1.12294,1.12249,15.6000000000001
9,12,9,1.12286,1.12132,1.12249,1.12237,15.3999999999987
9,12,10,1.12381,1.1215,1.12236,1.12157,23.1000000000003
9,13,7,1.12378,1.1227,1.12316,1.12339,-10.7999999999997
9,13,8,1.12546,1.1232,1.12337,1.12345,-22.5999999999993
9,13,9,1.12401,1.12235,1.12347,1.12328,16.5999999999999
9,13,10,1.12602,1.12325,1.12327,1.124,-27.6999999999994
9,14,7,1.12323,1.12211,1.12251,1.12215,11.2000000000001
9,14,8,1.12263,1.1218,1.12214,1.1221,8.30000000000108
9,14,9,1.12305,1.12159,1.12204,1.1226,-14.6000000000002
9,14,10,1.12559,1.12247,1.12262,1.12409,-31.2000000000001
9,15,7,1.12467,1.12368,1.12381,1.12466,-9.90000000000046
9,15,8,1.12837,1.12459,1.12467,1.12465,37.8000000000012
9,15,9,1.12586,1.12288,1.12467,1.12299,29.7999999999998
9,15,10,1.12475,1.12256,1.123,1.12418,-21.8999999999991
9,16,7,1.12293,1.12151,1.12248,1.12281,-14.1999999999998
9,16,8,1.12299,1.11816,1.12283,1.11846,48.2999999999989
9,16,9,1.11874,1.11674,1.11849,1.11732,20.0
9,16,10,1.11774,1.116,1.11733,1.11602,17.3999999999985
9,19,7,1.11644,1.11584,1.11609,1.11623,-6.00000000000156
9,19,8,1.11713,1.1161,1.11622,1.11702,-10.2999999999986
9,19,9,1.1183,1.11662,1.11702,1.11758,-16.8000000000013
9,19,10,1.11978,1.11757,1.11758,1.11824,-22.1000000000005
9,20,7,1.11862,1.11742,1.11799,1.11861,-11.9999999999987
9,20,8,1.11871,1.11749,1.11862,1.11779,12.2
9,20,9,1.11852,1.1171,1.11778,1.11789,-14.1999999999998
9,20,10,1.11836,1.11639,1.11789,1.11643,19.7000000000003
9,21,7,1.11523,1.1139,1.11468,1.11495,-13.3000000000005
9,21,8,1.11539,1.11436,1.11494,1.11483,10.3000000000009
9,21,9,1.11512,1.11391,1.11484,1.11455,12.0999999999993
9,21,10,1.11484,1.11391,1.11455,1.11402,9.30000000000097
9,22,7,1.1238,1.123,1.12346,1.12356,-7.99999999999912
9,22,8,1.12498,1.12322,1.12355,1.12463,-17.5999999999998
9,22,9,1.12572,1.12362,1.12464,1.125,-20.9999999999999
9,22,10,1.12555,1.12393,1.12502,1.12397,16.1999999999995
9,23,7,1.12242,1.12137,1.12235,1.1215,10.5
9,23,8,1.12286,1.12115,1.12149,1.12175,-17.0999999999988
9,23,9,1.12226,1.12012,1.12175,1.12174,21.4000000000003
9,23,10,1.12269,1.12051,1.12171,1.12186,-21.8000000000007
9,26,7,1.12648,1.12422,1.12447,1.12615,-22.5999999999993
9,26,8,1.12697,1.12568,1.12616,1.1263,-12.9000000000001
9,26,9,1.12646,1.1248,1.12635,1.12495,16.6
9,26,10,1.12689,1.12484,1.125,1.12685,-20.4999999999989
9,27,7,1.12503,1.12232,1.12492,1.12257,27.0999999999999
9,27,8,1.12285,1.11981,1.12256,1.1206,30.3999999999993
9,27,9,1.12207,1.1199,1.12058,1.12143,-21.7000000000001
9,27,10,1.12194,1.1191,1.12146,1.11976,28.3999999999995
9,28,7,1.12181,1.12054,1.12169,1.12181,-12.6999999999988
9,28,8,1.12369,1.12151,1.1218,1.1227,-21.8000000000007
9,28,9,1.12299,1.1208,1.12268,1.12107,21.8999999999991
9,28,10,1.12164,1.11888,1.12107,1.1192,27.5999999999987
9,29,7,1.1225,1.12169,1.1219,1.12227,-8.09999999999977
9,29,8,1.12252,1.12023,1.12227,1.12027,22.899999999999
9,29,9,1.12175,1.11967,1.12029,1.12153,-20.8000000000008
9,29,10,1.12393,1.12107,1.12154,1.12297,-28.6000000000008
9,30,7,1.11756,1.11601,1.11652,1.11604,15.5000000000016
9,30,8,1.11762,1.11532,1.1161,1.1176,-22.9999999999997
9,30,9,1.12211,1.11694,1.1176,1.12085,-51.699999999999
9,30,10,1.124,1.1203,1.12087,1.12397,-37.0000000000004
10,3,7,1.12398,1.1231,1.12395,1.12355,8.79999999999992
10,3,8,1.12394,1.123,1.12357,1.12326,9.39999999999941
10,3,9,1.12346,1.12208,1.1233,1.12228,13.7999999999994
10,3,10,1.12237,1.12051,1.12201,1.12167,18.6000000000019
10,4,7,1.11742,1.11628,1.11737,1.11631,11.4000000000014
10,4,8,1.11753,1.11546,1.11631,1.11655,-20.7000000000002
10,4,9,1.11698,1.11568,1.11656,1.1157,13.0000000000008
10,4,10,1.11604,1.1138,1.1157,1.11579,-22.4000000000002
10,5,7,1.1227,1.12127,1.12227,1.12161,14.3000000000004
10,5,8,1.12192,1.12031,1.12162,1.12097,16.1000000000011
10,5,9,1.12177,1.12055,1.12099,1.12166,-12.2
10,5,10,1.12167,1.11896,1.12167,1.12002,27.0999999999999
10,6,7,1.11912,1.118,1.11888,1.11838,11.1999999999979
10,6,8,1.1189,1.11759,1.11836,1.11795,13.0999999999992
10,6,9,1.11845,1.11702,1.11796,1.11791,14.3000000000004
10,6,10,1.11862,1.11625,1.11789,1.11693,23.6999999999998
10,7,7,1.11445,1.11357,1.11407,1.11417,-8.79999999999992
10,7,8,1.11789,1.11167,1.11419,1.1171,-62.2000000000011
10,7,9,1.1205,1.11652,1.1171,1.11901,-39.8000000000009
10,7,10,1.11991,1.11741,1.11899,1.11753,24.9999999999995
10,10,7,1.11698,1.11591,1.11676,1.11602,10.7000000000013
10,10,8,1.11612,1.11501,1.11604,1.11517,11.0999999999994
10,10,9,1.11566,1.11501,1.11519,1.11521,-6.50000000000039
10,10,10,1.11644,1.11481,1.11521,1.1157,-16.3000000000002
10,11,7,1.10867,1.10715,1.10801,1.10777,15.1999999999997
10,11,8,1.10938,1.10745,1.10776,1.10885,-19.2999999999999
10,11,9,1.10985,1.10734,1.10884,1.10738,25.1000000000001
10,11,10,1.10811,1.10547,1.10739,1.10562,26.3999999999998
10,12,7,1.1029,1.10164,1.10176,1.10248,-12.6000000000004
10,12,8,1.10258,1.10169,1.10247,1.10213,8.89999999999835
10,12,9,1.10308,1.10091,1.10215,1.10289,-21.7000000000001
10,12,10,1.10449,1.10096,1.10292,1.10107,35.3000000000003
10,13,7,1.10399,1.10215,1.10287,1.10378,-18.4000000000006
10,13,8,1.10392,1.10194,1.10377,1.10307,19.8000000000009
10,13,9,1.10352,1.10221,1.10309,1.10318,-13.1000000000014
10,13,10,1.10421,1.10204,1.10317,1.10293,21.7000000000001
10,14,7,1.10214,1.10037,1.10111,1.10061,17.6999999999983
10,14,8,1.102,1.09954,1.10062,1.10098,-24.6000000000013
10,14,9,1.10175,1.09975,1.10097,1.1007,20.0
10,14,10,1.10274,1.10005,1.10076,1.10012,26.9000000000008
10,17,7,1.10033,1.09857,1.09883,1.09931,-17.5999999999998
10,17,8,1.10047,1.09913,1.09932,1.10045,-13.4000000000012
10,17,9,1.10077,1.09951,1.10045,1.09977,12.6000000000004
10,17,10,1.1,1.09894,1.09977,1.09902,10.6000000000006
10,18,7,1.10093,1.09958,1.10092,1.09967,13.4999999999996
10,18,8,1.10133,1.0981,1.09965,1.0981,32.2999999999984
10,18,9,1.09892,1.09791,1.09808,1.09798,10.0999999999996
10,18,10,1.0985,1.097,1.09798,1.09722,15.0000000000006
10,19,7,1.09852,1.09725,1.09848,1.09744,12.6999999999988
10,19,8,1.09808,1.09609,1.09745,1.09675,19.8999999999994
10,19,9,1.09721,1.0958,1.09675,1.09685,-14.0999999999991
10,19,10,1.09715,1.09549,1.09684,1.09674,16.6
10,20,7,1.09874,1.09743,1.09746,1.0976,-13.1000000000014
10,20,8,1.10393,1.09639,1.09761,1.09775,-75.400000000001
10,20,9,1.09823,1.09347,1.09773,1.09493,47.600000000001
10,20,10,1.09529,1.09158,1.09494,1.09248,37.100000000001
10,21,7,1.08932,1.08867,1.08908,1.08889,6.5000000000004
10,21,8,1.08889,1.08715,1.08887,1.08725,17.3999999999985
10,21,9,1.08816,1.08698,1.08724,1.08728,-11.7999999999996
10,21,10,1.08827,1.0869,1.08727,1.08712,13.7000000000009
10,24,7,1.08995,1.08896,1.08934,1.08896,9.90000000000046
10,24,8,1.08985,1.08869,1.08896,1.08901,-11.6000000000005
10,24,9,1.08962,1.08834,1.08903,1.08855,12.7999999999995
10,24,10,1.08866,1.0876,1.08854,1.0883,10.6000000000006
10,25,7,1.08849,1.08738,1.0879,1.08749,11.0999999999994
10,25,8,1.08772,1.08546,1.0875,1.08581,22.5999999999993
10,25,9,1.08644,1.08529,1.0858,1.08543,11.4999999999998
10,25,10,1.08622,1.08509,1.08544,1.0859,-11.2999999999985
10,26,7,1.0924,1.0911,1.09218,1.0922,-13.0000000000008
10,26,8,1.09274,1.09162,1.09221,1.09169,11.2000000000001
10,26,9,1.09468,1.0917,1.0917,1.09294,-29.800000000002
10,26,10,1.09305,1.09146,1.09296,1.09172,15.8999999999998
10,27,7,1.09288,1.09207,1.0925,1.09271,-8.09999999999977
10,27,8,1.09302,1.09133,1.09272,1.09198,16.9000000000019
10,27,9,1.09269,1.09115,1.09199,1.09201,-15.3999999999987
10,27,10,1.09421,1.09095,1.09197,1.09181,32.5999999999982
10,28,7,1.09219,1.09137,1.09139,1.09208,-8.20000000000043
10,28,8,1.09353,1.09118,1.0921,1.09265,-23.4999999999985
10,28,9,1.09324,1.09123,1.09263,1.09281,-20.1000000000007
10,28,10,1.095,1.09206,1.09281,1.09269,29.3999999999994
10,31,7,1.09552,1.09453,1.09548,1.09501,9.90000000000046
10,31,8,1.09522,1.09437,1.09505,1.09441,8.50000000000017
10,31,9,1.095,1.09389,1.09442,1.09471,-11.0999999999994
10,31,10,1.09498,1.09365,1.09473,1.09402,13.3000000000005
11,1,7,1.1034,1.09976,1.09986,1.10271,-36.3999999999986
11,1,8,1.10305,1.10095,1.10272,1.10216,20.9999999999999
11,1,9,1.10348,1.10212,1.10215,1.10251,-13.6000000000003
11,1,10,1.10468,1.10222,1.10255,1.10394,-24.6000000000013
11,2,7,1.10997,1.10782,1.10832,1.10986,-21.4999999999987
11,2,8,1.11015,1.10807,1.10988,1.1085,20.7999999999986
11,2,9,1.1102,1.1082,1.10849,1.10985,-20.0
11,2,10,1.11153,1.10944,1.10982,1.11089,-20.8999999999993
11,3,7,1.10843,1.10655,1.10843,1.10739,18.800000000001
11,3,8,1.10763,1.10601,1.1074,1.10648,16.1999999999995
11,3,9,1.10741,1.10598,1.10651,1.10712,-14.3000000000004
11,3,10,1.10835,1.10596,1.10717,1.10833,-23.8999999999989
11,4,7,1.11035,1.10909,1.10973,1.1103,-12.6000000000004
11,4,8,1.11147,1.10798,1.11031,1.10949,34.8999999999999
11,4,9,1.11058,1.10872,1.10949,1.10994,-18.5999999999997
11,4,10,1.11194,1.10974,1.10995,1.11145,-21.9999999999998
11,7,7,1.10726,1.10615,1.10635,1.10625,11.0999999999994
11,7,8,1.10656,1.10552,1.10626,1.10575,10.3999999999993
11,7,9,1.10605,1.10473,1.10578,1.10503,13.1999999999999
11,7,10,1.10507,1.10308,1.10502,1.10336,19.8999999999994
11,8,7,1.10428,1.10358,1.10428,1.10377,6.99999999999923
11,8,8,1.10472,1.10357,1.10379,1.10472,-11.4999999999998
11,8,9,1.10495,1.10375,1.10472,1.10488,-12.0000000000009
11,8,10,1.10542,1.10461,1.10486,1.10462,8.09999999999977
11,9,7,1.10915,1.1022,1.10906,1.1027,69.5000000000001
11,9,8,1.10363,1.0998,1.10269,1.10092,38.3
11,9,9,1.10126,1.09503,1.10092,1.09509,62.2999999999996
11,9,10,1.09664,1.09305,1.0951,1.09484,35.8999999999998
11,10,7,1.09105,1.08695,1.08983,1.08916,40.9999999999999
11,10,8,1.09074,1.08874,1.08914,1.08981,-20.0
11,10,9,1.09012,1.08692,1.0898,1.08717,31.9999999999987
11,10,10,1.09063,1.08648,1.08715,1.08785,-41.500000000001
11,11,7,1.08796,1.08647,1.08744,1.08728,14.8999999999999
11,11,8,1.09191,1.08723,1.08727,1.09018,-46.8000000000002
11,11,9,1.09102,1.08717,1.0902,1.08769,38.5000000000013
11,11,10,1.08786,1.08501,1.08767,1.08505,28.5000000000002
11,14,7,1.07852,1.076,1.07847,1.07635,25.1999999999986
11,14,8,1.07854,1.07598,1.07635,1.07679,-25.6000000000012
11,14,9,1.07702,1.07126,1.07682,1.07133,57.5999999999999
11,14,10,1.0727,1.0709,1.07138,1.07221,-18.0000000000002
11,15,7,1.07728,1.07577,1.07664,1.07692,-15.1000000000012
11,15,8,1.07694,1.0728,1.07687,1.07338,41.4000000000003
11,15,9,1.07432,1.0721,1.0734,1.07269,22.1999999999989
11,15,10,1.07515,1.07227,1.07265,1.07276,-28.7999999999999
11,16,7,1.07119,1.06876,1.06959,1.06988,-24.3000000000015
11,16,8,1.07224,1.0694,1.06987,1.0712,-28.4000000000018
11,16,9,1.07184,1.06951,1.07119,1.07003,23.2999999999994
11,16,10,1.07143,1.06701,1.07002,1.06718,44.2000000000009
11,17,7,1.07454,1.07163,1.07349,1.07164,29.0999999999997
11,17,8,1.07338,1.0681,1.07164,1.06878,52.7999999999995
11,17,9,1.07149,1.0685,1.0688,1.06884,-29.9000000000005
11,17,10,1.06979,1.06623,1.06886,1.06732,35.6000000000001
11,18,7,1.0643,1.06126,1.06275,1.06298,-30.3999999999993
11,18,8,1.06365,1.0603,1.06298,1.06105,33.4999999999996
11,18,9,1.06248,1.0597,1.06106,1.05983,27.8
11,18,10,1.06058,1.05689,1.05983,1.05735,36.8999999999997
11,21,7,1.06465,1.06288,1.06327,1.06321,17.7000000000005
11,21,8,1.06457,1.06221,1.06321,1.06391,-23.5999999999992
11,21,9,1.06391,1.06108,1.06391,1.06209,28.2999999999989
11,21,10,1.06363,1.06153,1.06209,1.06218,-20.9999999999999
11,22,7,1.0631,1.06045,1.06306,1.06109,26.5000000000004
11,22,8,1.06208,1.06038,1.06107,1.06111,-16.9999999999981
11,22,9,1.06265,1.06098,1.06111,1.0622,-16.7000000000006
11,22,10,1.06228,1.0584,1.0622,1.05842,38.7999999999988
11,23,7,1.06234,1.06114,1.06222,1.06122,12.0000000000009
11,23,8,1.0613,1.05563,1.06121,1.05568,56.6999999999984
11,23,9,1.05603,1.0541,1.05573,1.05534,19.2999999999999
11,23,10,1.05603,1.0526,1.05533,1.05327,34.3000000000004
11,24,7,1.05752,1.05475,1.05646,1.05509,27.6999999999994
11,24,8,1.05689,1.05428,1.05509,1.05622,-26.1
11,24,9,1.05743,1.05563,1.05623,1.05721,-18.0000000000002
11,24,10,1.05779,1.05611,1.05728,1.05611,16.799999999999
11,25,7,1.05971,1.05845,1.0586,1.05877,-12.6000000000004
11,25,8,1.06046,1.05868,1.05878,1.06036,-17.7999999999989
11,25,9,1.06273,1.06014,1.06036,1.06106,-25.8999999999987
11,25,10,1.06133,1.06,1.06099,1.0604,13.3000000000005
11,28,7,1.06107,1.0581,1.06036,1.05821,29.6999999999992
11,28,8,1.05947,1.0565,1.05824,1.0568,29.6999999999992
11,28,9,1.05901,1.05635,1.05679,1.0585,-26.6000000000011
11,28,10,1.06045,1.05774,1.05849,1.05821,27.0999999999999
11,29,7,1.06008,1.0579,1.05973,1.05875,21.7999999999985
11,29,8,1.05945,1.0565,1.05877,1.05759,29.5000000000001
11,29,9,1.06112,1.05716,1.05756,1.05999,-39.5999999999996
11,29,10,1.06341,1.05936,1.06005,1.0617,-40.4999999999989
11,30,7,1.06497,1.06252,1.06471,1.06355,24.5000000000006
11,30,8,1.06538,1.06138,1.06353,1.06294,40.0
11,30,9,1.06336,1.05881,1.06296,1.05988,45.5000000000005
11,30,10,1.06162,1.05826,1.05989,1.0609,-33.6000000000003
12,1,7,1.06348,1.06143,1.06226,1.0615,20.4999999999989
12,1,8,1.0634,1.06146,1.06152,1.06279,-19.3999999999983
12,1,9,1.06285,1.05912,1.0628,1.05966,37.3000000000001
12,1,10,1.06146,1.05844,1.05951,1.06122,-30.2000000000002
12,2,7,1.06514,1.06305,1.06469,1.06305,20.8999999999993
12,2,8,1.06718,1.06251,1.06307,1.06346,-46.6999999999995
12,2,9,1.06605,1.06331,1.06345,1.06499,-27.3999999999996
12,2,10,1.06742,1.06446,1.06498,1.06603,-29.6000000000007
12,5,7,1.07114,1.06827,1.06969,1.06921,28.6999999999993
12,5,8,1.07087,1.06844,1.06921,1.06867,24.2999999999993
12,5,9,1.0735,1.06868,1.06868,1.07317,-48.1999999999982
12,5,10,1.07398,1.0723,1.07315,1.07244,16.799999999999
12,6,7,1.07529,1.07301,1.07373,1.07334,22.8000000000006
12,6,8,1.07471,1.07268,1.07332,1.07329,20.2999999999998
12,6,9,1.07437,1.07225,1.07327,1.0733,-21.2000000000012
12,6,10,1.07491,1.07231,1.07327,1.07319,25.9999999999994
12,7,7,1.07373,1.07202,1.0724,1.07315,-17.100000000001
12,7,8,1.07368,1.07255,1.07316,1.07355,-11.3000000000008
12,7,9,1.07469,1.07311,1.07356,1.07425,-15.7999999999992
12,7,10,1.07684,1.07396,1.07425,1.07665,-28.7999999999999
12,8,7,1.08732,1.07438,1.07842,1.07518,129.400000000002
12,8,8,1.07659,1.06393,1.07519,1.06674,126.599999999999
12,8,9,1.06789,1.06205,1.06672,1.06297,58.4000000000007
12,8,10,1.06362,1.06059,1.06298,1.06148,30.3000000000009
12,9,7,1.05795,1.05505,1.05755,1.05517,28.999999999999
12,9,8,1.05807,1.05509,1.05521,1.0575,-29.7999999999998
12,9,9,1.05795,1.05527,1.05751,1.05534,26.8000000000002
12,9,10,1.05552,1.05347,1.05533,1.05348,20.5000000000011
12,12,7,1.06074,1.05906,1.06062,1.05962,16.8000000000013
12,12,8,1.06213,1.05928,1.05966,1.06081,-28.5000000000002
12,12,9,1.06257,1.06062,1.0608,1.06107,-19.5000000000012
12,12,10,1.0623,1.06025,1.06108,1.06084,20.5000000000011
12,13,7,1.06185,1.06051,1.0607,1.06056,13.399999999999
12,13,8,1.06354,1.06052,1.06058,1.0627,-30.2000000000002
12,13,9,1.06406,1.06131,1.06271,1.06401,-27.5000000000003
12,13,10,1.0655,1.0629,1.06402,1.06391,25.9999999999994
12,14,7,1.06557,1.064,1.06484,1.06416,15.6999999999985
12,14,8,1.06564,1.06373,1.06416,1.064,19.0999999999986
12,14,9,1.06505,1.06328,1.06398,1.06397,17.7000000000005
12,14,10,1.06616,1.06384,1.06397,1.06496,-23.200000000001
12,15,7,1.0437,1.04052,1.04113,1.04123,-31.8000000000018
12,15,8,1.04365,1.03952,1.04125,1.04365,-41.2999999999997
12,15,9,1.04482,1.04267,1.04368,1.04267,21.500000000001
12,15,10,1.0431,1.04017,1.04269,1.04147,29.2999999999988
12,16,7,1.04693,1.04345,1.04483,1.04354,34.7999999999993
12,16,8,1.04576,1.0431,1.04356,1.04455,-26.6000000000011
12,16,9,1.04455,1.04092,1.04455,1.04259,36.3000000000002
12,16,10,1.04367,1.04007,1.04257,1.04097,36.0000000000005
12,19,7,1.04397,1.04251,1.04284,1.04279,14.6000000000002
12,19,8,1.04351,1.04112,1.04283,1.04287,-23.8999999999989
12,19,9,1.0441,1.04235,1.04287,1.04295,-17.4999999999992
12,19,10,1.04519,1.04281,1.04295,1.04347,-23.8000000000005
12,20,7,1.03836,1.03522,1.03786,1.0356,31.3999999999992
12,20,8,1.03699,1.0354,1.03559,1.03694,-15.8999999999998
12,20,9,1.0379,1.03601,1.03693,1.03711,-18.8999999999995
12,20,10,1.03892,1.03667,1.03709,1.03766,-22.5000000000009
12,21,7,1.0433,1.04063,1.04063,1.04189,-26.6999999999995
12,21,8,1.04419,1.04181,1.04188,1.04412,-23.8000000000005
12,21,9,1.0451,1.04361,1.04411,1.04419,-14.8999999999999
12,21,10,1.04503,1.0432,1.04422,1.04326,18.3
12,22,7,1.04533,1.04396,1.0449,1.04485,13.7000000000009
12,22,8,1.04528,1.04292,1.04483,1.04387,23.5999999999992
12,22,9,1.04632,1.04368,1.04386,1.04587,-26.3999999999998
12,22,10,1.04993,1.04549,1.04588,1.04583,44.4
12,23,7,1.04564,1.04466,1.04525,1.04478,9.79999999999981
12,23,8,1.0449,1.04317,1.04481,1.0434,17.3000000000001
12,23,9,1.0442,1.04263,1.04341,1.04346,-15.7000000000007
12,23,10,1.04685,1.04322,1.04352,1.04616,-36.3000000000002
12,27,7,1.04503,1.044,1.04492,1.04422,10.2999999999986
12,27,8,1.04467,1.0441,1.04424,1.04431,-5.69999999999959
12,27,9,1.0454,1.04419,1.0443,1.04518,-12.1000000000016
12,27,10,1.04599,1.04492,1.04516,1.04572,-10.699999999999
12,28,7,1.04185,1.03934,1.04171,1.03972,25.1000000000001
12,28,8,1.04019,1.03865,1.03976,1.03933,15.3999999999987
12,28,9,1.04002,1.03873,1.03935,1.03884,12.9000000000001
12,28,10,1.04033,1.03849,1.03885,1.0393,-18.4000000000006
12,29,7,1.04626,1.04468,1.0454,1.0448,15.7999999999991
12,29,8,1.04677,1.04454,1.04478,1.04649,-22.2999999999995
12,29,9,1.0465,1.04469,1.04648,1.04575,18.1000000000009
12,29,10,1.04916,1.04559,1.04575,1.0488,-35.7000000000007
12,30,7,1.05708,1.05358,1.05594,1.05378,35.0000000000006
12,30,8,1.05537,1.05348,1.05383,1.05435,-18.8999999999995
12,30,9,1.05526,1.05251,1.05437,1.055,-27.5000000000003
12,30,10,1.05773,1.0538,1.05498,1.05478,39.2999999999999